30
0.000000 1.339087 5.244067 12.051501 21.521187 32.662732 51.092171 69.888281 83.132293 105.726066 127.680787 160.166000 185.938023 224.103722 264.410350 303.239863 343.627846 428.087859 467.541785 506.345178 523.106230 519.726161 554.409381 685.043473 676.306456 683.692817 782.769297 739.060904 772.742187 926.130571 
1.339087 0.000000 1.218437 5.091457 11.829185 22.008723 32.928495 47.473491 62.482305 80.858653 101.753607 125.074108 150.636611 185.038623 224.782153 281.587484 322.716588 376.179183 385.530954 429.696006 461.379985 491.393961 488.792106 588.452763 601.701750 634.133011 692.148946 763.465527 771.445831 827.670687 
5.244067 1.218437 0.000000 1.214280 5.124285 11.632595 21.927757 34.440138 46.240020 61.234927 81.157962 100.944623 130.145360 158.466560 187.519222 218.164463 285.254260 299.639985 365.279271 390.203179 420.729481 469.725389 473.216914 545.409238 611.905725 601.147965 592.446301 658.204542 808.937377 774.263879 
12.051501 5.091457 1.214280 0.000000 1.209206 5.163899 12.717868 21.204320 32.850334 46.521130 62.734962 82.506978 103.139702 137.494501 167.171364 237.191384 245.670235 305.042628 317.048179 372.997117 448.327205 430.939729 452.136892 519.490772 484.979661 494.646599 600.574093 623.124632 675.753297 744.794791 
21.521187 11.829185 5.124285 1.209206 0.000000 1.210813 5.275439 12.914587 20.188853 31.929313 44.977897 63.868383 84.940356 113.500289 150.468582 186.257766 225.707008 253.680306 299.432613 347.832162 341.432470 378.870814 423.021074 488.371932 498.600389 561.586177 553.258683 565.885915 648.792382 707.756845 
32.662732 22.008723 11.632595 5.163899 1.210813 0.000000 1.218517 5.439665 11.861365 21.480447 33.032541 48.557236 67.225539 90.991839 126.326981 141.370194 180.251793 220.157991 276.420436 264.567243 314.356366 371.228539 336.246981 425.801612 513.785114 484.656823 530.227519 500.231700 659.915493 629.054775 
51.092171 32.928495 21.927757 12.717868 5.275439 1.218517 0.000000 1.234773 5.592537 11.830179 21.542123 32.660268 52.019116 72.991224 107.720332 122.017236 158.791737 196.389427 242.550567 237.786364 323.731752 352.080412 327.715747 429.049815 417.283393 445.023466 423.680321 522.676579 577.605635 624.183579 
69.888281 47.473491 34.440138 21.204320 12.914587 5.439665 1.234773 0.000000 1.263654 5.912948 13.190309 22.521832 34.863880 52.600729 82.724117 117.622103 142.701719 155.424331 197.623901 239.804699 236.987164 293.717619 323.990188 357.683602 459.966692 421.084839 478.164980 496.612690 524.938715 589.681473 
83.132293 62.482305 46.240020 32.850334 20.188853 11.861365 5.592537 1.263654 0.000000 1.298997 6.248742 12.990307 22.257428 37.874499 58.812888 93.473088 107.241297 157.660148 205.517877 191.396441 229.344436 292.523749 284.288208 316.815612 382.735100 399.092037 445.910281 466.913818 513.517607 517.396894 
105.726066 80.858653 61.234927 46.521130 31.929313 21.480447 11.830179 5.912948 1.298997 0.000000 1.348419 6.803751 14.338203 24.023123 44.945936 72.127952 116.231616 130.758518 122.077724 151.700574 242.389766 231.574530 231.548469 275.328084 282.344671 348.424226 373.688623 411.448022 448.388051 476.780867 
127.680787 101.753607 81.157962 62.734962 44.977897 33.032541 21.542123 13.190309 6.248742 1.348419 0.000000 1.407282 6.574928 13.833786 29.079706 49.273648 73.514207 98.971274 105.277635 136.227229 130.460038 210.943300 207.395034 235.359554 275.071063 295.383859 312.700707 378.237581 380.257117 475.217734 
160.166000 125.074108 100.944623 82.506978 63.868383 48.557236 32.660268 22.521832 12.990307 6.803751 1.407282 0.000000 1.507321 9.323983 15.724076 30.563376 50.623344 70.955971 78.281596 98.323904 126.426440 167.979873 176.349169 206.367291 275.032896 278.031273 293.257820 333.238881 358.622111 380.659694 
185.938023 150.636611 130.145360 103.139702 84.940356 67.225539 52.019116 34.863880 22.257428 14.338203 6.574928 1.507321 0.000000 1.672375 7.602986 16.290381 31.599024 54.973784 63.789892 90.237031 104.490251 128.366831 143.098688 169.475396 196.410169 228.716406 272.652640 297.080166 347.634408 351.085481 
224.103722 185.038623 158.466560 137.494501 113.500289 90.991839 72.991224 52.600729 37.874499 24.023123 13.833786 9.323983 1.672375 0.000000 2.047770 8.359085 16.356505 29.054826 43.933251 69.649356 80.100764 99.400752 114.221508 134.053986 165.861986 206.287906 220.235427 256.532552 285.475593 330.586619 
264.410350 224.782153 187.519222 167.171364 150.468582 126.326981 107.720332 82.724117 58.812888 44.945936 29.079706 15.724076 7.602986 2.047770 0.000000 2.630903 6.611498 16.461494 29.304996 39.030761 57.009475 70.704076 91.124893 110.157987 132.178854 153.210588 193.724236 210.352766 245.419676 282.334396 
303.239863 281.587484 218.164463 237.191384 186.257766 141.370194 122.017236 117.622103 93.473088 72.127952 49.273648 30.563376 16.290381 8.359085 2.630903 0.000000 2.241516 6.667416 13.551186 19.737207 33.750279 43.438690 61.475427 82.782624 107.806928 131.060904 155.277106 187.403569 218.889772 244.335405 
343.627846 322.716588 285.254260 245.670235 225.707008 180.251793 158.791737 142.701719 107.241297 116.231616 73.514207 50.623344 31.599024 16.356505 6.611498 2.241516 0.000000 2.091563 6.436368 13.378109 22.081905 34.295232 48.084209 61.048460 83.068416 102.033778 130.053244 147.596124 177.241029 213.348812 
428.087859 376.179183 299.639985 305.042628 253.680306 220.157991 196.389427 155.424331 157.660148 130.758518 98.971274 70.955971 54.973784 29.054826 16.461494 6.667416 2.091563 0.000000 1.701986 6.955221 12.735492 23.435193 33.976328 48.228904 62.237549 82.944507 107.017422 129.686592 150.159756 179.745038 
467.541785 385.530954 365.279271 317.048179 299.432613 276.420436 242.550567 197.623901 205.517877 122.077724 105.277635 78.281596 63.789892 43.933251 29.304996 13.551186 6.436368 1.701986 0.000000 1.690338 7.296941 13.684116 21.322627 35.929116 46.808274 67.382891 78.883765 103.117848 129.398007 154.686037 
506.345178 429.696006 390.203179 372.997117 347.832162 264.567243 237.786364 239.804699 191.396441 151.700574 136.227229 98.323904 90.237031 69.649356 39.030761 19.737207 13.378109 6.955221 1.690338 0.000000 1.521124 7.021264 13.378806 22.004144 32.016750 46.267925 62.210191 82.221327 107.186931 131.543885 
523.106230 461.379985 420.729481 448.327205 341.432470 314.356366 323.731752 236.987164 229.344436 242.389766 130.460038 126.426440 104.490251 80.100764 57.009475 33.750279 22.081905 12.735492 7.296941 1.521124 0.000000 1.415266 6.625028 12.232684 22.431725 36.584751 45.536149 64.510771 81.602100 104.093642 
519.726161 491.393961 469.725389 430.939729 378.870814 371.228539 352.080412 293.717619 292.523749 231.574530 210.943300 167.979873 128.366831 99.400752 70.704076 43.438690 34.295232 23.435193 13.684116 7.021264 1.415266 0.000000 1.352062 6.136824 12.027412 21.704604 32.272161 45.608026 64.086025 79.573301 
554.409381 488.792106 473.216914 452.136892 423.021074 336.246981 327.715747 323.990188 284.288208 231.548469 207.395034 176.349169 143.098688 114.221508 91.124893 61.475427 48.084209 33.976328 21.322627 13.378806 6.625028 1.352062 0.000000 1.298374 5.668952 12.540350 21.414576 31.982714 44.863651 62.192328 
685.043473 588.452763 545.409238 519.490772 488.371932 425.801612 429.049815 357.683602 316.815612 275.328084 235.359554 206.367291 169.475396 134.053986 110.157987 82.782624 61.048460 48.228904 35.929116 22.004144 12.232684 6.136824 1.298374 0.000000 1.262407 5.304594 13.416614 21.409957 32.234943 46.564206 
676.306456 601.701750 611.905725 484.979661 498.600389 513.785114 417.283393 459.966692 382.735100 282.344671 275.071063 275.032896 196.410169 165.861986 132.178854 107.806928 83.068416 62.237549 46.808274 32.016750 22.431725 12.027412 5.668952 1.262407 0.000000 1.230800 5.314641 12.365316 19.526831 31.448110 
683.692817 634.133011 601.147965 494.646599 561.586177 484.656823 445.023466 421.084839 399.092037 348.424226 295.383859 278.031273 228.716406 206.287906 153.210588 131.060904 102.033778 82.944507 67.382891 46.267925 36.584751 21.704604 12.540350 5.304594 1.230800 0.000000 1.206871 5.052390 11.667809 21.068913 
782.769297 692.148946 592.446301 600.574093 553.258683 530.227519 423.680321 478.164980 445.910281 373.688623 312.700707 293.257820 272.652640 220.235427 193.724236 155.277106 130.053244 107.017422 78.883765 62.210191 45.536149 32.272161 21.414576 13.416614 5.314641 1.206871 0.000000 1.184162 4.906431 11.391191 
739.060904 763.465527 658.204542 623.124632 565.885915 500.231700 522.676579 496.612690 466.913818 411.448022 378.237581 333.238881 297.080166 256.532552 210.352766 187.403569 147.596124 129.686592 103.117848 82.221327 64.510771 45.608026 31.982714 21.409957 12.365316 5.052390 1.184162 0.000000 1.176232 4.761217 
772.742187 771.445831 808.937377 675.753297 648.792382 659.915493 577.605635 524.938715 513.517607 448.388051 380.257117 358.622111 347.634408 285.475593 245.419676 218.889772 177.241029 150.159756 129.398007 107.186931 81.602100 64.086025 44.863651 32.234943 19.526831 11.667809 4.906431 1.176232 0.000000 1.151608 
926.130571 827.670687 774.263879 744.794791 707.756845 629.054775 624.183579 589.681473 517.396894 476.780867 475.217734 380.659694 351.085481 330.586619 282.334396 244.335405 213.348812 179.745038 154.686037 131.543885 104.093642 79.573301 62.192328 46.564206 31.448110 21.068913 11.391191 4.761217 1.151608 0.000000 
