20
0.000000   22.610176  38.212948  30.563868  21.767316  53.297183  52.598624  24.809243  26.312025  15.780552  23.572323  31.783379  28.105064  17.942313  24.584572  27.407600  24.859485  55.399611  31.675252  16.205344  
22.610176  0.000000   58.899220  63.923853  30.966637  90.058249  74.548125  14.989992  38.756059  27.164148  41.204867  56.423900  63.886493  53.312709  52.826185  53.472469  30.719773  41.937506  50.855676  25.407510  
38.212948  58.899220  0.000000   45.970788  39.770693  38.454099  37.013603  46.222023  15.787592  69.000867  9.114260   51.670195  30.736740  43.513904  28.671667  23.234407  33.530881  102.325796 50.814623  30.763499  
30.563868  63.923853  45.970788  0.000000   55.475855  30.519044  75.132041  64.793464  43.429207  47.187057  45.446261  19.231787  43.149180  46.645215  34.422174  21.693670  56.820417  69.330778  57.105355  31.207407  
21.767316  30.966637  39.770693  55.475855  0.000000   73.128356  47.162210  36.036573  49.865355  27.088315  34.733239  49.719224  28.791546  25.622949  28.734094  34.614431  23.510655  38.039985  29.529086  32.811187  
53.297183  90.058249  38.454099  30.519044  73.128356  0.000000   73.040337  89.414939  47.129381  73.881701  45.324834  21.857168  28.159838  54.261253  18.410046  48.222295  61.503966  99.415939  47.304874  33.094370  
52.598624  74.548125  37.013603  75.132041  47.162210  73.040337  0.000000   40.959255  42.368330  90.754076  37.648976  89.742577  66.971017  70.516506  47.382270  33.678468  32.822882  106.939610 72.541449  57.435441  
24.809243  14.989992  46.222023  64.793464  36.036573  89.414939  40.959255  0.000000   24.064011  51.209366  32.474550  74.441222  68.633684  55.375953  56.154715  41.007890  32.624136  78.019194  67.806506  33.021580  
26.312025  38.756059  15.787592  43.429207  49.865355  47.129381  42.368330  24.064011  0.000000   59.546731  15.940596  51.398697  45.836479  47.141709  35.514647  33.316897  39.733573  107.451204 59.571444  27.092024  
15.780552  27.164148  69.000867  47.187057  27.088315  73.881701  90.754076  51.209366  59.546731  0.000000   53.532389  28.142662  39.754128  26.324543  35.271203  53.147086  39.811478  30.212978  21.822267  32.102475  
23.572323  41.204867  9.114260   45.446261  34.733239  45.324834  37.648976  32.474550  15.940596  53.532389  0.000000   50.161532  36.228263  35.927032  31.194637  26.658628  29.985433  94.359047  53.294967  26.623032  
31.783379  56.423900  51.670195  19.231787  49.719224  21.857168  89.742577  74.441222  51.398697  28.142662  50.161532  0.000000   25.905970  35.246180  17.050418  45.334729  53.235122  50.043575  26.757757  26.754359  
28.105064  63.886493  30.736740  43.149180  28.791546  28.159838  66.971017  68.633684  45.836479  39.754128  36.228263  25.905970  0.000000   20.302266  8.725851   43.237249  36.917937  72.005896  17.019881  23.371338  
17.942313  53.312709  43.513904  46.645215  25.622949  54.261253  70.516506  55.375953  47.141709  26.324543  35.927032  35.246180  20.302266  0.000000   29.805338  41.623718  40.674198  70.050641  24.158486  27.361335  
24.584572  52.826185  28.671667  34.422174  28.734094  18.410046  47.382270  56.154715  35.514647  35.271203  31.194637  17.050418  8.725851   29.805338  0.000000   37.389457  29.533917  60.539143  16.832584  22.104967  
27.407600  53.472469  23.234407  21.693670  34.614431  48.222295  33.678468  41.007890  33.316897  53.147086  26.658628  45.334729  43.237249  41.623718  37.389457  0.000000   30.113529  70.837325  54.465778  26.829983  
24.859485  30.719773  33.530881  56.820417  23.510655  61.503966  32.822882  32.624136  39.733573  39.811478  29.985433  53.235122  36.917937  40.674198  29.533917  30.113529  0.000000   47.665860  32.406758  21.014457  
55.399611  41.937506  102.325796 69.330778  38.039985  99.415939  106.939610 78.019194  107.451204 30.212978  94.359047  50.043575  72.005896  70.050641  60.539143  70.837325  47.665860  0.000000   41.298968  51.261263  
31.675252  50.855676  50.814623  57.105355  29.529086  47.304874  72.541449  67.806506  59.571444  21.822267  53.294967  26.757757  17.019881  24.158486  16.832584  54.465778  32.406758  41.298968  0.000000   26.798683  
16.205344  25.407510  30.763499  31.207407  32.811187  33.094370  57.435441  33.021580  27.092024  32.102475  26.623032  26.754359  23.371338  27.361335  22.104967  26.829983  21.014457  51.261263  26.798683  0.000000   
