20
0.000000 1763.357859 2837.372125 15025.374787 1011.437242 1161.632556 15986.915319 40252.249674 14188.155552 1959.336051 604.378270 1538.881724 982.025045 1186.768567 13050.047858 990.235617 1161.171958 1296.709711 1699.898937 2353.884609 
1763.357859 0.000000 1228.714732 2271.159711 14428.954077 1412.911821 3106.082368 3081.878286 16725.017751 885.873484 2138.269361 1490.276777 1545.428461 2149.734705 12240.617710 1053.246460 2281.501648 10290.634992 1671.060085 3696.761238 
2837.372125 1228.714732 0.000000 3889.706297 14950.414657 2172.337882 4992.456587 2814.803420 14015.735528 1098.794771 2514.237156 1445.497043 1974.322237 2547.792516 12870.484434 1473.581663 4172.896581 2686.342224 3212.533601 4293.401590 
15025.374787 2271.159711 3889.706297 0.000000 17449.076862 1584.548822 2670.112271 2126.832360 5753.631780 1965.169567 14064.554027 2731.914241 15350.082327 1329.418618 1663.308955 14313.531819 1385.232161 16532.976446 16051.219879 1309.205451 
1011.437242 14428.954077 14950.414657 17449.076862 0.000000 12943.997614 1997.993607 2317.561181 7362.222932 15327.866054 1116.479587 20031.980402 1150.800690 12490.255027 40638.451108 1290.042640 9041.626344 2027.397078 1282.514147 11863.059552 
1161.632556 1412.911821 2172.337882 1584.548822 12943.997614 0.000000 3511.299878 3434.771178 14777.667866 2250.817048 1745.149614 3463.004223 1684.398114 4296.350614 12145.573553 711.891386 1409.931346 2053.159512 2506.350211 2375.547262 
15986.915319 3106.082368 4992.456587 2670.112271 1997.993607 3511.299878 0.000000 2428.268714 6871.129016 3289.370311 40444.973621 2137.972859 15670.477363 1475.894884 2129.539780 15768.520048 1614.051228 5819.959545 16615.486072 1467.829773 
40252.249674 3081.878286 2814.803420 2126.832360 2317.561181 3434.771178 2428.268714 0.000000 16470.828226 1372.233791 40843.809549 2239.546774 39644.038230 2134.039502 1041.384257 15414.471702 2612.115668 2359.253750 2359.253750 1435.321353 
14188.155552 16725.017751 14015.735528 5753.631780 7362.222932 14777.667866 6871.129016 16470.828226 0.000000 13542.293607 13697.960919 21308.296896 13893.408962 14373.942774 6747.878798 15954.579167 13703.219390 4712.662984 13810.910181 5355.798575 
1959.336051 885.873484 1098.794771 1965.169567 15327.866054 2250.817048 3289.370311 1372.233791 13542.293607 0.000000 1056.757266 2080.195536 19701.514112 1417.854695 11486.231075 1224.710288 1875.448695 15654.538778 2086.109278 2123.324741 
604.378270 2138.269361 2514.237156 14064.554027 1116.479587 1745.149614 40444.973621 40843.809549 13697.960919 1056.757266 0.000000 2007.884616 1207.608224 957.547559 13755.721726 790.053228 579.457979 1580.212101 1842.215831 1254.424049 
1538.881724 1490.276777 1445.497043 2731.914241 20031.980402 3463.004223 2137.972859 2239.546774 21308.296896 2080.195536 2007.884616 0.000000 2019.353600 1058.190293 11608.089268 2047.070441 2138.693634 2344.405197 694.501048 3498.702814 
982.025045 1545.428461 1974.322237 15350.082327 1150.800690 1684.398114 15670.477363 39644.038230 13893.408962 19701.514112 1207.608224 2019.353600 0.000000 2108.707419 12740.348962 1904.761649 1347.816449 1564.727999 2003.671592 3847.396996 
1186.768567 2149.734705 2547.792516 1329.418618 12490.255027 4296.350614 1475.894884 2134.039502 14373.942774 1417.854695 957.547559 1058.190293 2108.707419 0.000000 11939.856700 2709.448212 2002.936309 3245.962476 1220.587290 1199.841470 
13050.047858 12240.617710 12870.484434 1663.308955 40638.451108 12145.573553 2129.539780 1041.384257 6747.878798 11486.231075 13755.721726 11608.089268 12740.348962 11939.856700 0.000000 18005.649370 12226.972578 1543.847487 13157.189656 39118.308531 
990.235617 1053.246460 1473.581663 14313.531819 1290.042640 711.891386 15768.520048 15414.471702 15954.579167 1224.710288 790.053228 2047.070441 1904.761649 2709.448212 18005.649370 0.000000 1204.486006 1266.072550 1399.571464 2418.573290 
1161.171958 2281.501648 4172.896581 1385.232161 9041.626344 1409.931346 1614.051228 2612.115668 13703.219390 1875.448695 579.457979 2138.693634 1347.816449 2002.936309 12226.972578 1204.486006 0.000000 2611.824906 1417.309062 2205.072400 
1296.709711 10290.634992 2686.342224 16532.976446 2027.397078 2053.159512 5819.959545 2359.253750 4712.662984 15654.538778 1580.212101 2344.405197 1564.727999 3245.962476 1543.847487 1266.072550 2611.824906 0.000000 2473.976118 2574.259006 
1699.898937 1671.060085 3212.533601 16051.219879 1282.514147 2506.350211 16615.486072 2359.253750 13810.910181 2086.109278 1842.215831 694.501048 2003.671592 1220.587290 13157.189656 1399.571464 1417.309062 2473.976118 0.000000 3664.663241 
2353.884609 3696.761238 4293.401590 1309.205451 11863.059552 2375.547262 1467.829773 1435.321353 5355.798575 2123.324741 1254.424049 3498.702814 3847.396996 1199.841470 39118.308531 2418.573290 2205.072400 2574.259006 3664.663241 0.000000 
