20
0.000000      1699.107708   1314.878844   3025.819698   1853.847725   5730.343446   2051.605187   2264.570307   2738.857016   2837.051096   6990.235125   2369.448635   5949.436378   2025.369588   6254.379868   8118.434774   3771.020751   2304.977281   1699.379607   2549.736051   
1699.107708   0.000000      989.983783    2470.572348   3637.910675   6558.557910   3988.787045   3315.435068   3272.303465   1527.564879   7690.672678   4262.808927   6502.823799   1193.302828   4324.476242   10909.008288  2725.477324   1176.173824   2046.487781   5690.760110   
1314.878844   989.983783    0.000000      4547.061311   3605.688919   3850.069050   2263.208506   2521.870953   1185.220582   4480.024603   4636.948359   2153.211377   2890.310411   1433.810660   7766.585133   4864.574707   4213.593190   1453.668472   1740.817067   3752.941757   
3025.819698   2470.572348   4547.061311   0.000000      2337.712705   6460.183397   4683.429294   5247.737911   5411.303948   784.384757    4729.539019   3518.933692   3935.633797   2695.124010   2348.635936   3624.674407   3825.822833   2991.184669   3908.758930   5203.512002   
1853.847725   3637.910675   3605.688919   2337.712705   0.000000      1277.849560   4346.033939   3299.756850   1117.021364   1706.193930   940.227199    2582.602073   882.607580    3803.491560   3124.505758   906.735747    6212.161614   5351.935013   3537.855468   4469.625838   
5730.343446   6558.557910   3850.069050   6460.183397   1277.849560   0.000000      6202.883425   6750.506475   1213.776509   3255.860747   882.291377    3066.013421   853.334202    11306.268062  3732.217457   489.147335    11752.108522  272072.438980 4050.967515   3694.521221   
2051.605187   3988.787045   2263.208506   4683.429294   4346.033939   6202.883425   0.000000      641.146477    3522.940300   5244.035921   5623.922013   4709.880300   10701.469620  3544.464107   4908.149854   5656.748729   1376.593807   2849.041094   2492.125798   6773.453625   
2264.570307   3315.435068   2521.870953   5247.737911   3299.756850   6750.506475   641.146477    0.000000      4137.980297   5304.321457   6344.374050   3403.559484   13295.512005  3309.691498   5672.299038   4801.028645   1543.791570   2408.451229   1780.326607   2699.521165   
2738.857016   3272.303465   1185.220582   5411.303948   1117.021364   1213.776509   3522.940300   4137.980297   0.000000      3290.762074   1602.416423   2643.410641   1603.127371   5307.285493   4078.948056   1304.496457   7714.365412   6304.431325   4040.772563   1824.702632   
2837.051096   1527.564879   4480.024603   784.384757    1706.193930   3255.860747   5244.035921   5304.321457   3290.762074   0.000000      3936.499374   3851.190417   2614.070524   4830.050936   897.316004    2586.374065   3872.993083   3419.397007   4372.404060   5740.629669   
6990.235125   7690.672678   4636.948359   4729.539019   940.227199    882.291377    5623.922013   6344.374050   1602.416423   3936.499374   0.000000      3243.082682   1344.257601   16734.311771  4480.439927   577.460225    16174.493604  7084.795342   9672.729298   16057.211080  
2369.448635   4262.808927   2153.211377   3518.933692   2582.602073   3066.013421   4709.880300   3403.559484   2643.410641   3851.190417   3243.082682   0.000000      3411.461458   1078.546859   5105.778165   2675.275439   3564.994432   1231.566498   895.906759    711.688508    
5949.436378   6502.823799   2890.310411   3935.633797   882.607580    853.334202    10701.469620  13295.512005  1603.127371   2614.070524   1344.257601   3411.461458   0.000000      18693.689150  2435.047273   1064.946546   11717.067154  7092.847181   5936.473345   3456.942319   
2025.369588   1193.302828   1433.810660   2695.124010   3803.491560   11306.268062  3544.464107   3309.691498   5307.285493   4830.050936   16734.311771  1078.546859   18693.689150  0.000000      5234.523171   5297.323932   2600.518184   1162.980174   1500.300147   2583.313541   
6254.379868   4324.476242   7766.585133   2348.635936   3124.505758   3732.217457   4908.149854   5672.299038   4078.948056   897.316004    4480.439927   5105.778165   2435.047273   5234.523171   0.000000      3451.762044   5199.537488   5948.448869   8454.447152   6249.091484   
8118.434774   10909.008288  4864.574707   3624.674407   906.735747    489.147335    5656.748729   4801.028645   1304.496457   2586.374065   577.460225    2675.275439   1064.946546   5297.323932   3451.762044   0.000000      4391.084056   6240.667086   3690.669060   3756.212125   
3771.020751   2725.477324   4213.593190   3825.822833   6212.161614   11752.108522  1376.593807   1543.791570   7714.365412   3872.993083   16174.493604  3564.994432   11717.067154  2600.518184   5199.537488   4391.084056   0.000000      2074.510275   1904.253021   5319.432558   
2304.977281   1176.173824   1453.668472   2991.184669   5351.935013   272072.438980 2849.041094   2408.451229   6304.431325   3419.397007   7084.795342   1231.566498   7092.847181   1162.980174   5948.448869   6240.667086   2074.510275   0.000000      974.565243    2360.913199   
1699.379607   2046.487781   1740.817067   3908.758930   3537.855468   4050.967515   2492.125798   1780.326607   4040.772563   4372.404060   9672.729298   895.906759    5936.473345   1500.300147   8454.447152   3690.669060   1904.253021   974.565243    0.000000      933.624651    
2549.736051   5690.760110   3752.941757   5203.512002   4469.625838   3694.521221   6773.453625   2699.521165   1824.702632   5740.629669   16057.211080  711.688508    3456.942319   2583.313541   6249.091484   3756.212125   5319.432558   2360.913199   933.624651    0.000000      
