21
0.000000    1178.650572 1495.137965 1371.040668 852.970930  996.252831  2713.924179 1106.569099 2999.934836 2143.412903 2249.751296 409.471550  3664.604299 1152.076900 1535.138399 841.758610  1882.017155 1887.239454 1632.816918 664.663191  0.000000    
1178.650572 0.000000    755.990810  1176.731627 488.391166  1797.737976 2073.732670 295.024535  1148.685053 1694.227983 2602.206745 1013.156890 1512.466382 678.315983  701.957648  676.365892  783.788383  942.831219  641.343134  615.755239  1174.536571 
1495.137965 755.990810  0.000000    597.239421  965.193814  1672.566880 2089.915853 856.413698  1626.297399 1320.774187 3238.918387 1278.340189 2299.863398 649.142321  1594.656975 852.256550  891.616477  645.153256  722.101584  812.557638  1540.206377 
1371.040668 1176.731627 597.239421  0.000000    1543.092865 1463.020941 1436.245141 1295.129572 1605.933843 810.048347  4117.792296 1423.004715 4234.815296 1533.126644 2203.720755 1339.193935 1136.272473 1251.893914 1463.040554 1316.508043 1440.693906 
852.970930  488.391166  965.193814  1543.092865 0.000000    1610.572364 1993.613281 502.018583  2026.384547 1989.570422 2201.650097 808.624826  2488.746547 620.523357  894.959224  666.675346  1276.252916 1310.112778 1355.690513 327.017004  865.764383  
996.252831  1797.737976 1672.566880 1463.020941 1610.572364 0.000000    1674.066468 1556.013884 2457.745791 838.351620  3359.546484 661.023674  3456.237329 1456.600028 1947.372417 963.930099  2273.688215 2029.555003 2018.445917 973.959127  1016.522726 
2713.924179 2073.732670 2089.915853 1436.245141 1993.613281 1674.066468 0.000000    1924.263730 3361.056890 782.311227  3553.610440 1608.679550 3591.387699 4346.531283 3235.958638 1737.220630 2211.667610 2268.214859 3232.249918 1563.953790 2776.469442 
1106.569099 295.024535  856.413698  1295.129572 502.018583  1556.013884 1924.263730 0.000000    1578.373446 1460.131171 2235.523749 904.622262  1673.238469 545.848111  601.288200  575.643376  769.097184  906.438994  724.970756  377.743581  1133.559121 
2999.934836 1148.685053 1626.297399 1605.933843 2026.384547 2457.745791 3361.056890 1578.373446 0.000000    3224.420926 6424.284093 2490.948733 909.083410  1963.807903 2422.971447 1948.965770 1465.662448 1644.796970 1614.437537 2174.077718 2991.889733 
2143.412903 1694.227983 1320.774187 810.048347  1989.570422 838.351620  782.311227  1460.131171 3224.420926 0.000000    3342.979024 877.380667  3108.508975 3488.072383 2459.265435 1124.904886 1397.738171 1371.507217 2237.211437 1092.096005 2220.888324 
2249.751296 2602.206745 3238.918387 4117.792296 2201.650097 3359.546484 3553.610440 2235.523749 6424.284093 3342.979024 0.000000    2387.845476 6843.191330 2461.364117 2101.874177 2885.557437 3172.851133 3453.265824 3124.320943 2091.608898 2255.664846 
409.471550  1013.156890 1278.340189 1423.004715 808.624826  661.023674  1608.679550 904.622262  2490.948733 877.380667  2387.845476 0.000000    2992.757055 803.913045  1286.718218 568.172535  1754.858794 1647.855791 1207.205389 513.899142  417.801868  
3664.604299 1512.466382 2299.863398 4234.815296 2488.746547 3456.237329 3591.387699 1673.238469 909.083410  3108.508975 6843.191330 2992.757055 0.000000    2191.859302 2922.835819 2367.888008 2115.984009 1804.476519 1698.057452 2367.550341 3675.754268 
1152.076900 678.315983  649.142321  1533.126644 620.523357  1456.600028 4346.531283 545.848111  1963.807903 3488.072383 2461.364117 803.913045  2191.859302 0.000000    1137.934642 514.252809  1152.529069 1029.758374 819.010947  422.755704  1150.452116 
1535.138399 701.957648  1594.656975 2203.720755 894.959224  1947.372417 3235.958638 601.288200  2422.971447 2459.265435 2101.874177 1286.718218 2922.835819 1137.934642 0.000000    984.623612  1219.190484 1548.193964 1264.523069 934.642341  1514.048500 
841.758610  676.365892  852.256550  1339.193935 666.675346  963.930099  1737.220630 575.643376  1948.965770 1124.904886 2885.557437 568.172535  2367.888008 514.252809  984.623612  0.000000    1303.747078 968.490165  1115.727040 335.763139  857.975371  
1882.017155 783.788383  891.616477  1136.272473 1276.252916 2273.688215 2211.667610 769.097184  1465.662448 1397.738171 3172.851133 1754.858794 2115.984009 1152.529069 1219.190484 1303.747078 0.000000    506.385718  1107.790549 1274.764959 1877.716482 
1887.239454 942.831219  645.153256  1251.893914 1310.112778 2029.555003 2268.214859 906.438994  1644.796970 1371.507217 3453.265824 1647.855791 1804.476519 1029.758374 1548.193964 968.490165  506.385718  0.000000    909.692615  1115.984069 1917.899087 
1632.816918 641.343134  722.101584  1463.040554 1355.690513 2018.445917 3232.249918 724.970756  1614.437537 2237.211437 3124.320943 1207.205389 1698.057452 819.010947  1264.523069 1115.727040 1107.790549 909.692615  0.000000    1134.914917 1628.650882 
664.663191  615.755239  812.557638  1316.508043 327.017004  973.959127  1563.953790 377.743581  2174.077718 1092.096005 2091.608898 513.899142  2367.550341 422.755704  934.642341  335.763139  1274.764959 1115.984069 1134.914917 0.000000    683.706137  
0.000000    1174.536571 1540.206377 1440.693906 865.764383  1016.522726 2776.469442 1133.559121 2991.889733 2220.888324 2255.664846 417.801868  3675.754268 1150.452116 1514.048500 857.975371  1877.716482 1917.899087 1628.650882 683.706137  0.000000    
