21
0.000000    1077.139868 1215.803393 1129.496585 779.983793  998.674583  1802.976056 977.177365  2745.095215 1813.873560 2082.870188 391.613714  3369.176004 1009.564554 1354.219541 752.676366  1540.338894 1547.720166 1429.746655 615.765965  0.000000    
1077.139868 0.000000    707.701013  788.380090  445.619871  1620.814393 1919.124677 278.266609  1053.899787 1519.765365 2445.115808 902.581677  1407.650051 624.246972  665.230144  626.295364  664.519734  811.512684  587.032982  555.382943  1074.503625 
1215.803393 707.701013  0.000000    532.768965  884.491658  1468.877281 1931.924618 707.095808  1442.058947 1292.076054 2611.812285 1048.540780 1906.323840 641.831202  1417.205906 669.164254  918.850232  602.406687  647.598108  621.142281  1232.972725 
1129.496585 788.380090  532.768965  0.000000    1060.055820 1133.807941 1192.629787 868.006112  1318.376897 672.898514  3282.314658 952.837327  2249.074224 1112.436649 1673.295219 1086.057977 778.247282  922.127367  1106.266444 1109.945356 1143.936741 
779.983793  445.619871  884.491658  1060.055820 0.000000    1448.937910 1686.269676 449.526716  1868.167908 1649.960360 2017.726933 755.164781  2278.381702 571.223557  814.764088  616.296562  1084.439008 980.597173  1190.282793 302.471141  780.559143  
998.674583  1620.814393 1468.877281 1133.807941 1448.937910 0.000000    1443.939747 1366.214088 2253.140555 857.598717  3064.889315 613.234692  3111.468743 1315.549359 1758.462168 872.143099  2058.584928 1911.006747 1748.044641 892.626385  976.552159  
1802.976056 1919.124677 1931.924618 1192.629787 1686.269676 1443.939747 0.000000    1820.944698 2525.848597 721.445030  2988.380498 1588.514949 3361.609768 1798.545015 3001.838871 1667.325217 2041.628155 2069.500573 2733.462029 1378.194883 2168.334436 
977.177365  278.266609  707.095808  868.006112  449.526716  1366.214088 1820.944698 0.000000    1456.716466 1317.476908 2092.876635 755.179157  1573.790362 493.596242  573.498516  514.953248  658.501030  833.181930  632.131699  338.033257  984.735134  
2745.095215 1053.899787 1442.058947 1318.376897 1868.167908 2253.140555 2525.848597 1456.716466 0.000000    2393.816256 5892.998832 2290.316243 789.387360  1783.105050 2237.145721 1900.647824 1371.857310 1540.956883 1466.254058 1993.542456 2729.022342 
1813.873560 1519.765365 1292.076054 672.898514  1649.960360 857.598717  721.445030  1317.476908 2393.816256 0.000000    2798.375157 872.706587  2797.205848 1357.068686 2412.066270 1379.758421 1307.790829 1249.041834 1668.522775 1090.250890 1860.618990 
2082.870188 2445.115808 2611.812285 3282.314658 2017.726933 3064.889315 2988.380498 2092.876635 5892.998832 2798.375157 0.000000    2195.602616 5946.653494 2327.805366 1899.752795 2626.831280 2908.597362 3053.899956 2907.129036 1939.848932 2093.797006 
391.613714  902.581677  1048.540780 952.837327  755.164781  613.234692  1588.514949 755.179157  2290.316243 872.706587  2195.602616 0.000000    2745.885934 712.325496  1145.007133 527.963404  1439.147537 1327.819879 1039.670712 477.764033  388.070323  
3369.176004 1407.650051 1906.323840 2249.074224 2278.381702 3111.468743 3361.609768 1573.790362 789.387360  2797.205848 5946.653494 2745.885934 0.000000    2010.368736 2696.915562 2159.750464 1811.241002 1773.440456 1556.813525 2214.112079 3387.975380 
1009.564554 624.246972  641.831202  1112.436649 571.223557  1315.549359 1798.545015 493.596242  1783.105050 1357.068686 2327.805366 712.325496  2010.368736 0.000000    1058.136437 490.188096  924.951899  838.896130  699.963610  385.270796  997.882077  
1354.219541 665.230144  1417.205906 1673.295219 814.764088  1758.462168 3001.838871 573.498516  2237.145721 2412.066270 1899.752795 1145.007133 2696.915562 1058.136437 0.000000    920.970465  1193.102528 1357.502592 1155.469506 825.652428  1356.747774 
752.676366  626.295364  669.164254  1086.057977 616.296562  872.143099  1667.325217 514.953248  1900.647824 1379.758421 2626.831280 527.963404  2159.750464 490.188096  920.970465  0.000000    1208.425314 968.414262  945.554127  306.274481  762.830023  
1540.338894 664.519734  918.850232  778.247282  1084.439008 2058.584928 2041.628155 658.501030  1371.857310 1307.790829 2908.597362 1439.147537 1811.241002 924.951899  1193.102528 1208.425314 0.000000    480.607280  878.498713  1082.588306 1538.864188 
1547.720166 811.512684  602.406687  922.127367  980.597173  1911.006747 2069.500573 833.181930  1540.956883 1249.041834 3053.899956 1327.819879 1773.440456 838.896130  1357.502592 968.414262  480.607280  0.000000    642.192341  900.807713  1546.930964 
1429.746655 587.032982  647.598108  1106.266444 1190.282793 1748.044641 2733.462029 632.131699  1466.254058 1668.522775 2907.129036 1039.670712 1556.813525 699.963610  1155.469506 945.554127  878.498713  642.192341  0.000000    964.738242  1420.177780 
615.765965  555.382943  621.142281  1109.945356 302.471141  892.626385  1378.194883 338.033257  1993.542456 1090.250890 1939.848932 477.764033  2214.112079 385.270796  825.652428  306.274481  1082.588306 900.807713  964.738242  0.000000    616.455870  
0.000000    1074.503625 1232.972725 1143.936741 780.559143  976.552159  2168.334436 984.735134  2729.022342 1860.618990 2093.797006 388.070323  3387.975380 997.882077  1356.747774 762.830023  1538.864188 1546.930964 1420.177780 616.455870  0.000000    
